Killian Demeillers
Wed Oct  8 14:24:15 UTC 2025
Test Toto
  File: TOTO.txt
  Size: 10        	Blocks: 8          IO Block: 4096   regular file
Device: 8,17	Inode: 527626      Links: 1
Access: (0644/-rw-r--r--)  Uid: ( 1001/  runner)   Gid: ( 1001/  runner)
Access: 2025-10-08 14:24:15.402706040 +0000
Modify: 2025-10-08 14:24:15.200704875 +0000
Change: 2025-10-08 14:24:15.200704875 +0000
 Birth: 2025-10-08 14:24:15.200704875 +0000
